0,0.006918629165738821
0,0.002597156446427107
0,0.01218972448259592
0,0.011124697513878345
0,0.05924786999821663
0,0.027300192043185234
0,0.015474004670977592
0,0.022682148963212967
0,0.014801505953073502
0,0.007248756475746632
0,0.005684591829776764
0,0.007115290965884924
0,0.008662746287882328
0,0.008439713157713413
0,0.007063677068799734
0,0.005300001706928015
0,0.004419402219355106
0,0.006453121546655893
0,0.006194251123815775
0,0.004844686482101679
0,0.0038857131730765104
0,0.005108519457280636
0,0.005222246050834656
0,0.005648682359606028
0,0.005696604959666729
0,0.0047735366970300674
0,0.0044908118434250355
0,0.0029523700941354036
0,0.003267758060246706
0,0.0031138018239289522
0,0.003357610898092389
0,0.0022167544811964035
0,0.002342048566788435
0,0.0010610694298520684
0,0.0026091826148331165
0,0.002169182989746332
0,0.0015823489520698786
0,0.00145461515057832
0,0.0014047115109860897
0,0.0007128193392418325
0,0.0008649777737446129
0,0.0005529698100872338
0,0.004848722368478775
0,0.0003441261942498386
0,0.0014756238088011742
0,0.0007705340394750237
0,0.001357058179564774
0,0.00023176579270511866
0,0.002067686291411519
0,0.0018260678043588996
0,0.0025526697281748056
0,0.0026033553294837475
0,0.0011811406584456563
0,0.0008934256620705128
0,0.003848659573122859
0,0.0001480766077293083
0,0.00041687037446536124
0,0.00036140650627203286
0,0.0019406394567340612
0,7.923976227175444e-05
0,0.0002247343072667718
0,0.000438059214502573
0,0.0003040213487111032
0,0.00018749010632745922
0,0.0012047424679622054
0,0.0006843555602245033
0,0.0007781438180245459
0,7.412571721943095e-05
0,0.0005778976483270526
0,0.00048162383609451354
0,0.0001976656203623861
0,0.0005192346288822591
0,0.0005817104829475284
0,0.000302295433357358
0,0.00024665897944942117
0,0.00015177266323007643
0,0.00012484895705711097
0,0.0011516398517414927
0,7.154737977543846e-05
0,0.0002859732776414603
0,0.0010706990724429488
0,0.0006985765066929162
0,0.0003432179510127753
0,0.0002539108390919864
0,0.00037493061972782016
0,0.0002810666337609291
0,0.00014487517182715237
0,0.0016026068478822708
0,0.00020199416030663997
0,0.0015626463573426008
0,0.001559769967570901
0,0.0007244930602610111
0,0.0007614074856974185
0,0.0010368451476097107
0,0.0004666378372348845
0,8.146465552272275e-05
0,0.0004621033149305731
0,0.00037641494418494403
0,0.00020607798069249839
0,0.00021968917280901223
1,0.00012977351434528828
1,0.0007340572774410248
1,0.0027026378083974123
1,0.001187895075418055
1,0.0003087078803218901
1,0.0005647672805935144
1,0.0008956853416748345
1,0.0017065431457012892
1,0.0004606664297170937
1,0.0004883314250037074
1,0.00018170994007959962
1,0.0025891936384141445
1,8.394905307795852e-05
1,0.00013241356646176428
1,0.00018044194439426064
1,0.000527593947481364
1,0.0008082928834483027
1,9.35709904297255e-05
1,0.0008902951376512647
1,0.0003740190004464239
1,0.0006761066033504903
1,0.0004700463614426553
1,0.00029464944964274764
1,0.00012321126996539533
1,0.00022405055642593652
1,0.001117127831093967
1,0.0010409548413008451
1,0.00022084049123805016
1,0.0022516550961881876
1,0.0021929373033344746
1,0.0030102026648819447
1,0.00019802222959697247
1,0.0010089187417179346
1,0.0013114872854202986
1,0.0021385587751865387
1,0.00036210025427863
1,0.000288099457975477
1,0.0003586722887121141
1,0.0032036632765084505
1,0.0015290759038180113
1,0.00022315964451991022
1,0.0022159195505082607
1,0.0015594708966091275
1,0.0010500602656975389
1,0.0007156592910178006
1,0.0009183647343888879
1,0.00048777787014842033
1,0.000412510649766773
1,0.0013296154793351889
1,0.001290096784941852
1,0.00029522128170356154
1,0.0002832705504260957
1,0.0002639749145600945
1,0.0008514593355357647
1,0.000509841600432992
1,0.0003880817093886435
1,0.0003137523599434644
1,0.00017005144036374986
1,0.0015039399731904268
1,0.0012369444593787193
1,0.00025648699374869466
1,0.0005479170940816402
1,7.428694516420364e-05
1,0.00035670516081154346
1,8.384072134504095e-05
1,0.00022345238539855927
1,7.644692959729582e-05
1,9.929957741405815e-05
1,0.0007332346285693347
1,2.519960980862379e-05
1,5.9338792198104784e-05
1,2.7405325454310514e-05
1,0.0009773897472769022
1,5.272312046145089e-05
1,0.00034534186124801636
1,2.356252480240073e-05
1,3.625666431616992e-05
1,2.1831749108969234e-05
1,2.784207208605949e-05
1,0.0001918474881676957
1,0.00018215764430351555
1,4.998697113478556e-05
1,1.4763454601052217e-05
1,0.0002106406755046919
1,1.2747365872201044e-05
1,3.92712936445605e-05
1,0.0007676848326809704
1,0.00012589633115567267
1,3.579309122869745e-05
1,2.89946128759766e-05
1,5.082761708763428e-05
1,0.00024254349409602582
1,0.00022413425904233009
1,3.1411720556207e-05
1,5.34344362677075e-05
1,4.3987896788166836e-05
1,9.480626613367349e-05
1,5.54816288058646e-05
1,0.00015133799752220511
2,0.001624438213184476
2,0.000638821511529386
2,0.0005269472603686154
2,0.00024100564769469202
2,0.0012072561075910926
2,0.0014557301765307784
2,0.00032925192499533296
2,0.0002532071084715426
2,0.0015384349972009659
2,0.0001174129283754155
2,0.00030214127036742866
2,0.00026145935407839715
2,0.00023523594427388161
2,0.00016905560914892703
2,0.00010420150647405535
2,0.00015333460760302842
2,0.00035345653304830194
2,0.00031618919456377625
2,0.0008617183193564415
2,0.00017297730664722621
2,0.0001265149039682001
2,5.0022819777950644e-05
2,0.00042710272828117013
2,0.00045167788630351424
2,0.0008037565276026726
2,0.0003059566079173237
2,0.00026866362895816565
2,0.001054371939972043
2,8.020266250241548e-05
2,0.00022069788246881217
2,0.0006127305678091943
2,0.00023453682661056519
2,0.0002625211200211197
2,0.00023443138343282044
2,7.369504601228982e-05
2,0.00026440792134962976
2,0.00021742749959230423
2,0.0007745458860881627
2,3.296497743576765e-05
2,2.199617119913455e-05
2,5.004160993848927e-05
2,0.0003038510330952704
2,8.282632188638672e-05
2,0.0001332851534243673
2,0.00030004672589711845
2,0.00039753076271153986
2,2.9979422834003344e-05
2,0.00025451427791267633
2,8.330636046594009e-05
2,0.00023656156554352492
2,0.00022296246606856585
2,9.179782500723377e-05
2,6.064496119506657e-05
2,0.0002452454646117985
2,6.222374213393778e-05
2,0.0006022219313308597
2,4.921754589304328e-05
2,0.00011688759695971385
2,0.0002079902624245733
2,0.00011365899990778416
2,0.00014829925203230232
2,0.0001696393301244825
2,8.491656626574695e-05
2,0.00023220988805405796
2,9.694983600638807e-05
2,0.0008496543159708381
2,0.0001518403587397188
2,0.0002976789546664804
2,0.0003110028337687254
2,0.0001329834049101919
2,0.00019904211512766778
2,0.001752373413182795
2,0.0010538659989833832
2,0.00015746522694826126
2,0.0008394088363274932
2,0.0006240297225303948
2,0.0028540377970784903
2,0.00031597522320225835
2,0.0005370485596358776
2,0.00042686209781095386
2,0.0012192807625979185
2,0.0008295771549455822
2,2.9025168259977363e-05
2,0.0003707578289322555
2,0.0005243056220933795
2,0.0021153646521270275
2,0.0016869206447154284
2,0.00017234851839020848
2,0.00029236398404464126
2,0.001463765511289239
2,0.00800592452287674
2,0.00029920117231085896
2,0.00022414835984818637
2,0.00017169953207485378
2,0.001491052214987576
2,0.0004920413484796882
2,0.00027285146643407643
2,0.00032234404352493584
2,0.0006709861918352544
2,0.00033764546969905496
3,0.0006102087209001184
3,0.00032511091558262706
3,0.00027813849737867713
3,0.00023483484983444214
3,0.00021646199456881732
3,0.002105862135067582
3,0.0004126486892346293
3,0.000899782229680568
3,0.00012420289567671716
3,2.7350697564543225e-05
3,0.00017181289149448276
3,0.0001621351984795183
3,0.001007308717817068
3,0.0001974549813894555
3,0.0010819414164870977
3,0.00014832321903668344
3,8.912235352909192e-05
3,0.00011344211088726297
3,7.288269989658147e-05
3,0.0002886845322791487
3,8.004198025446385e-05
3,0.00020114930521231145
3,0.00020117398526053876
3,0.00013525239774025977
3,5.3559855587081984e-05
3,5.304915248416364e-05
3,0.0007340500014834106
3,0.00011709149839589372
3,0.0001415539300069213
3,0.00039868103340268135
3,0.00014668441144749522
3,0.0007658552494831383
3,0.0008597117848694324
3,0.0004141090321354568
3,0.00014803616795688868
3,0.00019767196499742568
3,0.0001913491141749546
3,0.0004164225538261235
3,6.42754603177309e-05
3,6.855223182355985e-05
3,0.000824393704533577
3,0.00016860428149811924
3,0.0010320557048544288
3,0.000841890461742878
3,0.00021946294873487204
3,0.00015564158093184233
3,0.00032560157706029713
3,0.002413420705124736
3,3.745647700270638e-05
3,9.857643453869969e-05
3,0.000464780256152153
3,0.0027789250016212463
3,0.00010672161442926154
3,0.00041641161078587174
3,0.0003084740019403398
3,0.0005116165848448873
3,0.0014857087517157197
3,0.001479691592976451
3,8.979523408925161e-05
3,0.0004165695863775909
3,0.00018541162717156112
3,0.0005252882838249207
3,0.0005133281229063869
3,0.0033745605032891035
3,0.0002850994060281664
3,0.00032180859125219285
3,0.0003723642439581454
3,0.002103006700053811
3,0.0016825037309899926
3,4.6376117097679526e-05
3,0.00020171869255136698
3,0.0007720508147031069
3,0.0029094205237925053
3,0.007160046137869358
3,5.621410673484206e-05
3,0.0001962397655006498
3,0.0008552145445719361
3,0.0007218738319352269
3,0.0010546647245064378
3,0.0007334781112149358
3,0.0004818747693207115
3,0.0003830337373074144
3,0.0006673299940302968
3,0.0004484060627873987
3,0.00041320367017760873
3,0.0015049406792968512
3,0.00013538428174797446
3,0.0002639445010572672
3,0.0006620576023124158
3,0.00032538542291149497
3,0.00038245454197749496
3,6.545275391545147e-05
3,0.0003102337650489062
3,0.00295706233009696
3,0.0006181784556247294
3,0.0007631673943251371
3,0.0008852427126839757
3,0.0016500704223290086
3,0.00016361576854251325
3,0.00021284566901158541
4,0.00029101024847477674
4,0.0005605017067864537
4,0.001574178459122777
4,0.0012834052322432399
4,0.0004419173637870699
4,0.001073304796591401
4,7.943176751723513e-05
4,0.00025748900952748954
4,0.0002473553759045899
4,0.001291226944886148
4,0.001263309270143509
4,0.00020224360923748463
4,0.0006511869723908603
4,0.00018526888743508607
4,0.0010638185776770115
4,0.0004577779327519238
4,0.0008380553917959332
4,0.00047540507512167096
4,0.00048004291602410376
4,0.00034380151191726327
4,0.0001046361867338419
4,5.0364091293886304e-05
4,0.0006582477944903076
4,0.00013187529111746699
4,0.00020932320330757648
4,0.00021466604084707797
4,9.77587333181873e-05
4,0.0011758881155401468
4,0.0008329279953613877
0,0.02726018615067005
0,0.21032969653606415
0,0.08238078653812408
0,0.022557422518730164
0,0.01098959892988205
0,0.03695129230618477
0,0.05228955298662186
0,0.02411053329706192
0,0.007323914207518101
0,0.0024690120480954647
0,0.003176996950060129
0,0.005720570683479309
0,0.007960909977555275
0,0.008260903880000114
0,0.00776035338640213
0,0.006431244779378176
0,0.0053194197826087475
0,0.004487545229494572
0,0.004955109674483538
0,0.0037153842858970165
0,0.0029071043245494366
0,0.0021007165778428316
0,0.0021706733386963606
0,0.0023193059023469687
0,0.005102207884192467
0,0.004972855560481548
0,0.005203048698604107
0,0.003933253698050976
0,0.003249035682529211
0,0.0021497257985174656
0,0.0023596561513841152
0,0.0019481664057821035
0,0.0027313395403325558
0,0.0020434712059795856
0,0.0026744722854346037
0,0.0018975293496623635
0,0.0016704890877008438
0,0.002933263313025236
0,0.003841578960418701
0,0.0032174699008464813
0,0.0011543958680704236
0,0.0011198448482900858
0,0.001218978432007134
0,0.0013054350856691599
0,0.0034772586077451706
0,0.0012913659447804093
0,0.001185102853924036
0,0.0008794457535259426
0,0.000936024182010442
0,0.002536048414185643
0,0.0026448839344084263
0,0.0022972682490944862
0,0.0023746094666421413
0,0.001512829214334488
0,0.0013625657884404063
0,0.0019863522611558437
0,0.0006900524022057652
0,0.0021925908513367176
0,0.0003476002311799675
0,0.0009733481565490365
0,0.0006765204016119242
0,0.0024651463609188795
0,0.0185883529484272
0,0.016664545983076096
0,0.01058438140898943
0,0.005006721708923578
0,0.007025900296866894
0,0.004821040667593479
0,0.003198318649083376
0,0.011401225812733173
0,0.009106860496103764
0,0.011051644571125507
0,0.0012113649863749743
0,0.0038321255706250668
0,0.001595483161509037
0,0.00228601461276412
0,0.010790329426527023
0,0.0006845931056886911
0,0.0066145919263362885
0,0.0042932890355587006
0,0.00502784876152873
0,0.0027781871613115072
0,0.00422161677852273
0,0.008177092298865318
0,0.00816836953163147
0,0.0031184714753180742
0,0.007243538741022348
0,0.001721989014185965
0,0.0012586000375449657
0,0.0011554344091564417
0,0.00019826523202937096
0,0.00011987320613116026
0,0.001105442875996232
0,0.003912854008376598
0,0.002021386753767729
0,0.0016970336437225342
0,9.027573105413467e-05
0,0.0005338593036867678
0,0.0004987394786439836
0,0.0001600062969373539
1,9.730506280902773e-05
1,0.0024653743021190166
1,0.00010113088501384482
1,0.0006433633388951421
1,0.002089646877720952
1,0.005970323458313942
1,0.00187392788939178
1,0.007808675058186054
1,0.0025873640552163124
1,0.0012864384334534407
1,0.004063992761075497
1,0.001877419650554657
1,0.0009091843967325985
1,0.00042292303987778723
1,0.0013127982383593917
1,0.0002529392368160188
1,0.001632239669561386
1,0.00022146028641145676
1,0.011732527986168861
1,0.0030630279798060656
1,0.0006615678430534899
1,0.0005372455343604088
1,0.000521956360898912
1,0.0003274689079262316
1,0.0007505584508180618
1,0.003224477171897888
1,0.00015930671361275017
1,0.0007834680145606399
1,0.00041445624083280563
1,0.0020093123894184828
1,0.0009480923181399703
1,0.0007171463803388178
1,0.0002880557731259614
1,0.0007871331763453782
1,0.0026487072464078665
1,0.0018467295449227095
1,0.0006366258021444082
1,0.0005757411709055305
1,0.000179294976987876
1,0.000225246069021523
1,0.003230982692912221
1,0.00035044323885813355
1,0.0008574787643738091
1,0.0001355938147753477
1,0.0003239689685869962
1,0.00021809912868775427
1,0.00020342774223536253
1,0.00016339942521881312
1,0.002240203320980072
1,0.004087590612471104
1,0.00028017174918204546
1,0.015669360756874084
1,0.000522095593623817
1,0.0002459281822666526
1,0.0018171125557273626
1,0.0033863820135593414
1,0.0003293283225502819
1,0.007323398254811764
1,0.003365983022376895
1,0.006199630908668041
1,0.007222948130220175
1,0.006643299944698811
1,0.0001395772851537913
1,0.0006076679565012455
1,0.001047843019478023
1,0.001612141728401184
1,0.0019351886585354805
1,0.00260017323307693
1,0.005495435558259487
1,0.0006268075667321682
1,0.005782948806881905
1,0.0005882272380404174
1,0.0033747642301023006
1,0.001120618311688304
1,0.005329866893589497
1,0.003185850102454424
1,0.0003040189913008362
1,0.00028322142316028476
1,0.0004969024448655546
1,0.0002878708182834089
1,0.00011571541108423844
1,0.00016677142411936074
1,0.0020702180918306112
1,0.001610815292224288
1,0.0013517537154257298
1,0.005936874076724052
1,0.0004284460155759007
1,0.0001181170082418248
1,0.00012773217167705297
1,0.0005128331249579787
1,0.00028171148733235896
1,0.00391065189614892
1,0.0027394010685384274
1,0.005525493528693914
1,0.002046491950750351
1,7.357928552664816e-05
1,0.007389713078737259
1,0.006434211973100901
1,0.00014763677609153092
1,5.02791372127831e-05
2,0.0009000565623864532
2,0.004108907654881477
2,0.0003427345654927194
2,0.0006121664773672819
2,0.00018176765297539532
2,0.0028225884307175875
2,0.0004939340287819505
2,0.000744373188354075
2,0.00018222833750769496
2,0.0004541942325886339
2,0.0001758676953613758
2,0.0026601844001561403
2,0.00030572101240977645
2,0.0009317302028648555
2,0.00044863607035949826
2,0.003603291930630803
2,0.003943080548197031
2,0.0019001842010766268
2,0.006134762428700924
2,0.0007001786725595593
2,0.0012437670957297087
2,0.00016292235522996634
2,0.004439214244484901
2,0.0004230266495142132
2,0.005041337572038174
2,0.0006947719375602901
2,0.0017382610822096467
2,0.005177150014787912
2,0.00021159971947781742
2,0.0003772159689106047
2,0.0015712801832705736
2,0.002114705741405487
2,0.000446082791313529
2,0.0012039340799674392
2,0.001468902686610818
2,0.0006242982344701886
2,0.0006878845160827041
2,0.0006476755952462554
2,0.0029167828615754843
2,0.0008628865471109748
2,0.00010603115515550599
2,0.000703332363627851
2,0.0004551178717520088
2,0.0101252356544137
2,0.0007936555775813758
2,0.0001585878781042993
2,0.00031742872670292854
2,0.0003015037509612739
2,0.001537069445475936
2,0.00405969750136137
2,0.0015648913104087114
2,0.0027645600493997335
2,0.00018552930851001292
2,0.0012090858072042465
2,0.0006896535633131862
2,5.506402158061974e-05
2,0.0001335029664915055
2,0.00029553528293035924
2,7.941576041048393e-05
2,0.0016718495171517134
2,0.000132061104523018
2,0.0072965556755661964
2,0.0001324867334915325
2,0.00010723552259150892
2,0.003188713686540723
2,0.004355048295110464
2,0.0022734557278454304
2,0.0054250252433121204
2,0.0003328894090373069
2,0.0009422000730410218
2,0.0068868608213961124
2,0.001839850447140634
2,0.0036155153065919876
2,0.0016847557853907347
2,0.0007880821940489113
2,0.0008285148069262505
2,0.004850146360695362
2,0.0015636163298040628
2,0.0007124139228835702
2,0.0023049809969961643
2,0.0014188761124387383
2,0.0008150075445882976
2,0.016311176121234894
2,0.0030241748318076134
2,0.007548796944320202
2,0.0005112146027386189
2,0.0014205740299075842
2,0.01133468933403492
2,0.006250121630728245
2,0.0017683615442365408
2,0.0005151283694431186
2,0.0014551036292687058
2,0.0006872917292639613
2,0.0006395656382665038
2,0.0007322058081626892
2,0.0009109139209613204
2,0.004919321741908789
2,0.01102433167397976
2,0.0037231433670967817
3,0.0028126591350883245
3,0.003355893772095442
3,0.0017859854269772768
3,0.00047441889182664454
3,0.002594266552478075
3,0.0010074925376102328
3,0.011339522898197174
3,0.0011165814939886332
3,0.0019728359766304493
3,0.0014460912207141519
3,0.005522687919437885
3,0.0005484992871060967
3,0.0011292716953903437
3,0.0009697271743789315
3,0.0008920488762669265
3,0.003539972472935915
3,0.003371771425008774
3,0.002413520123809576
3,0.0001762201136443764
3,0.003537560347467661
3,0.00016219490498770028
3,0.002436198992654681
3,0.0016753434902057052
3,0.00046424000174738467
3,0.0007246803725138307
3,0.0003402593720238656
3,0.003200177103281021
3,0.0005147873889654875
3,0.00015837700630072504
3,0.0005645380006171763
3,0.0005751989665441215
3,0.00033437745878472924
3,0.00036285616806708276
3,0.00019192493346054107
3,0.000250649027293548
3,0.005626108031719923
3,0.00019712203356903046
3,0.000335579359671101
3,8.469635213259608e-05
3,0.0022265648003667593
3,9.802919521462172e-05
3,8.714875002624467e-05
3,9.235251491190866e-05
3,9.677621710579842e-05
3,0.00020215644326526672
3,0.00038425426464527845
3,0.004769215825945139
3,3.727462899405509e-05
3,3.1034207495395094e-05
3,0.000547400617506355
3,6.892274541314691e-05
3,4.584146154229529e-05
3,9.964773198589683e-05
3,6.0176767874509096e-05
3,0.0077865407802164555
3,0.003854078706353903
3,0.00013053228030912578
3,0.0012731162132695317
3,7.292191730812192e-05
3,0.004943066742271185
3,0.00029904136317782104
3,0.00019695874652825296
3,0.0002626126224640757
3,0.0007776705315336585
3,0.005017275456339121
3,0.00019943220831919461
3,0.0013257595710456371
3,0.00017644419858697802
3,0.0004509378632064909
3,0.00037037106812931597
3,0.0002246002695756033
3,0.00012138411693740636
3,1.5789966710144654e-05
3,0.000344951607985422
3,0.0001634230138733983
3,0.00013139839575160295
3,0.005241001956164837
3,0.000234400067711249
3,2.941821003332734e-05
3,6.424818275263533e-05
3,0.002851291326805949
3,0.0008695964934304357
3,0.0013928321423009038
3,0.0018586736405268312
3,3.695071063702926e-05
3,0.00030122557654976845
3,0.0002676597214303911
3,0.011626659892499447
3,0.0006807674653828144
3,4.6121596824377775e-05
3,0.0001094131512218155
3,0.002980087883770466
3,0.0003389301709830761
3,0.004551957827061415
3,0.003596426220610738
3,0.001915506785735488
3,0.00021459991694428027
3,0.0035901707597076893
3,0.003199553582817316
3,0.002438055584207177
4,8.571131183998659e-05
4,9.184058581013232e-05
4,0.0014148922637104988
4,0.0003453343524597585
4,0.002217856701463461
4,0.0008090942865237594
4,0.0012639827327802777
4,0.0018251531291753054
4,0.00010358924919273704
4,0.00015332062321249396
4,0.0002975696115754545
4,0.00621636351570487
4,0.0007357272552326322
4,0.0010522527154535055
4,0.0004796690191142261
4,0.0007492855656892061
4,0.0011853077448904514
4,0.00028887385269626975
4,0.0003981186600867659
4,0.0005549919442273676
4,0.0008601098088547587
4,0.00045609212247654796
4,0.0005690145189873874
4,0.00027879144181497395
4,0.00013517128536477685
4,0.0046128761023283005
4,0.00021249093697406352
4,0.000802698836196214
4,0.0012547882506623864
4,0.004050054121762514
4,0.00016541362856514752
4,9.35004063649103e-05
4,0.00025788313359953463
4,0.0034706182777881622
4,8.84493492776528e-05
4,0.000450035382527858
4,0.0006418709526769817
4,8.945602166932076e-05
4,0.0007054343004710972
4,0.0002813046448864043
4,0.0008348083356395364
4,0.00035400938941165805
4,4.6679037041030824e-05
4,0.00012659250933211297
4,0.0005190246156416833
4,8.264107600552961e-05
4,6.0972455685259774e-05
4,7.123422983568162e-05
4,0.00018536193238105625
4,0.00017322257917840034
4,5.660978058585897e-05
4,6.971420225454494e-05
4,0.00019736078684218228
4,0.004656149074435234
4,0.00021128568914718926
4,1.6878429960343055e-05
4,0.00032771032419987023
4,3.2396575988968834e-05
4,0.003331525716930628
4,4.625661676982418e-05
4,0.0022927310783416033
4,0.0013915449380874634
4,0.0012515800772234797
4,0.0005788699490949512
4,0.0040488895028829575
4,0.0028902285266667604
4,5.8812311181100085e-05
4,2.4236385797848925e-05
4,0.0018291022861376405
4,0.0012943919282406569
4,0.001309510669670999
4,4.932606316288002e-05
4,0.0010928914416581392
4,0.0022511431016027927
4,3.770387775148265e-05
4,0.001741707557812333
4,0.001027022721245885
4,4.296908446121961e-05
4,0.00013873552961740643
4,9.144900104729459e-05
4,6.234803731786087e-05
4,1.0590762030915357e-05
4,9.336914445157163e-06
4,0.005132379941642284
4,0.0020942105911672115
4,0.000977375777438283
4,0.0031538952607661486
4,0.0025211158208549023
4,0.00012095685815438628
4,0.0005528972833417356
4,0.0003664191463030875
4,0.003947500139474869
4,0.008131146430969238
4,0.00012477902055252343
4,2.9782595447613858e-05
4,0.0005115262465551496
4,0.0005375657929107547
4,0.0016570072621107101
4,0.011572125367820263
4,0.001151098869740963
5,0.00022444238129537553
5,0.0008276585722342134
5,0.007387502584606409
5,0.0012367276940494776
5,0.002249713521450758
5,0.0013246632879599929
5,0.0001927582488860935
5,0.0004616223741322756
5,0.0023340904153883457
5,0.005259608384221792
5,0.00523547874763608
5,0.0010510410647839308
5,0.0009036261471919715
5,0.001136412494815886
5,0.0026915944181382656
5,0.012721920385956764
5,0.0024691105354577303
5,0.00041667697951197624
5,0.0012056141858920455
5,0.0011544523295015097
5,0.007456479128450155
5,0.0024646229576319456
5,0.001396042644046247
5,0.0005710910190828145
5,0.00037367851473391056
5,0.0012517485301941633
5,0.0020289127714931965
5,0.004485472105443478
5,0.0011263126507401466
5,0.00019977637566626072
5,0.0008591947262175381
5,0.002671276219189167
5,0.00019701803103089333
5,0.0012266370467841625
5,0.0008553030202165246
5,0.0006537756999023259
5,0.0007836301811039448
5,0.0006321320543065667
5,0.0011969242477789521
5,0.000520316360052675
5,0.00046082044718787074
5,0.0004619850660674274
5,0.001427551731467247
5,0.0005657551810145378
5,0.0002276034065289423
5,3.8010981370462105e-05
5,0.0041774422861635685
5,0.0011463401606306434
5,0.0005914131179451942
5,0.0005125587922520936
5,0.0002711648412514478
5,0.0004915975732728839
5,2.474636130500585e-05
5,0.0004009926342405379
5,0.0001660078705754131
5,0.005605356302112341
5,0.0003933821863029152
5,0.000988517771475017
5,0.0003383303410373628
5,0.0013315374962985516
5,0.0005070165498182178
5,0.004287166520953178
5,0.0002727603423409164
5,0.00024944948381744325
5,0.0006189013947732747
5,0.00033479605917818844
5,7.751231169095263e-05
5,4.4185613660374656e-05
5,0.00015068422362674028
5,0.00010705039312597364
5,8.978638652479276e-05
5,0.00012628670083358884
5,7.517456833738834e-05
5,4.059284401591867e-05
5,4.805632124771364e-05
5,2.8813277822337113e-05
5,0.0013091005384922028
5,7.56548615754582e-05
5,0.00014080038818065077
5,0.0012177947210147977
5,3.594545341911726e-05
5,3.812550858128816e-05
5,0.00020230321388226002
5,0.00011346784594934434
5,0.0003015406837221235
5,0.00249834218993783
5,2.1834490326000378e-05
5,4.352638279669918e-05
5,0.0005936262896284461
5,7.869426917750388e-05
5,0.0001170379837276414
5,4.743243334814906e-05
5,0.0019233986968174577
5,0.00042944648885168135
5,2.2791755327489227e-05
5,2.99927887681406e-05
5,6.09592352702748e-05
5,0.0016564751276746392
5,0.0008730919798836112
5,1.5041897313494701e-05
6,4.2386931454529986e-05
6,0.0008860781672410667
6,9.575005969963968e-05
6,0.0006486546481028199
6,0.000998217728920281
6,9.850216883933172e-05
6,0.0003638764610514045
6,0.002026662928983569
6,0.0011028435546904802
6,2.7688578484230675e-05
6,0.0019446618389338255
6,0.0006181508069857955
6,0.0003845756291411817
6,0.0006949323578737676
6,0.0008414822514168918
6,0.00605249498039484
6,7.957471825648099e-05
6,0.0009754098136909306
6,0.0010390877723693848
6,0.003846393898129463
6,0.0005643157055601478
6,0.006239176262170076
6,0.0018089085351675749
6,0.0007150385645218194
6,0.002326889429241419
6,0.0010370432864874601
6,0.005109306424856186
6,0.0004975272458977997
6,7.939641363918781e-05
6,0.00017177399422507733
6,0.0013111067237332463
6,0.002915614750236273
6,0.005124168936163187
6,0.0006822920404374599
6,0.0004783423210028559
6,0.0032549002207815647
6,0.002512639621272683
6,0.0008339337073266506
6,0.0004294134269002825
6,0.00044114343472756445
6,0.0006936608115211129
6,0.00010334413673263043
6,0.00019206134311389178
6,0.000423626130213961
6,0.00021855541854165494
6,0.0008322427165694535
6,0.00045980518916621804
6,0.00023953631171025336
6,0.0005942998686805367
6,0.00010910069977398962
6,3.449263022048399e-05
6,0.00012165405496489257
6,0.00013461521302815527
6,0.00027335507911629975
6,0.00013526814291253686
6,0.00012710053124465048
6,5.590126966126263e-05
6,0.00025142254889942706
6,0.00018994045967701823
6,6.55568073852919e-05
6,0.00012983314809389412
6,0.000643978244625032
6,5.622855314868502e-05
6,0.0002482224372215569
6,3.6966903280699626e-05
6,0.0001352262479485944
6,7.90621925261803e-05
6,0.010338636115193367
6,0.004307669587433338
6,0.0007358072907663882
6,0.0224001444876194
6,0.005542201455682516
6,0.0005135111277922988
6,0.001061480725184083
6,0.004096377175301313
6,0.001160159707069397
6,0.010431724600493908
6,0.0224833395332098
6,0.00039560237200930715
6,0.009205156937241554
6,0.002415011404082179
6,0.006517980247735977
6,0.004489110317081213
6,0.0011632067617028952
6,0.0011938109528273344
6,0.0007171870092861354
6,0.002706646453589201
6,0.0021353340707719326
6,0.00163347739726305
6,0.0017980752745643258
6,0.0014191309455782175
6,0.0005146288312971592
6,0.0025900283362716436
6,0.00048149400390684605
6,0.0005084318108856678
6,0.0006769887986592948
6,0.0007883472135290504
6,0.0016421142499893904
6,0.005068296566605568
6,0.00029514104244299233
7,0.0001665571762714535
7,0.0003516871656756848
7,0.0016516002360731363
7,7.713128434261307e-05
7,0.0002217488654423505
7,0.003681172151118517
7,0.00011744229414034635
7,0.0025210536550730467
7,0.00015912041999399662
7,0.0018161417683586478
7,0.0005353981396183372
7,0.00019830124801956117
7,0.002074430463835597
7,5.2894618420396e-05
7,0.0004431738634593785
7,0.0003020618169102818
7,0.002381949219852686
7,6.965124339330941e-05
7,8.019106462597847e-05
7,0.00013964359823148698
7,1.2955582860740833e-05
7,7.353299588430673e-05
7,6.094006675994024e-05
7,5.5835669627413154e-05
7,8.636578422738239e-05
7,0.00022428719967138022
7,5.5281758250202984e-05
7,0.00010497331095393747
7,1.7475602362537757e-05
7,6.604571535717696e-05
7,0.00022032755077816546
7,0.0015034814132377505
7,0.00017708302766550332
7,8.745490777073428e-05
7,0.00013652749476023018
7,4.739096766570583e-05
7,0.000339594844263047
7,5.546780812437646e-05
7,0.00018300037481822073
7,0.00013653204950969666
7,0.0003424492897465825
7,0.00010348724026698619
7,4.651705239666626e-05
7,0.00011654901027213782
7,4.580618769978173e-05
7,0.0009412366198375821
7,0.0005429318407550454
7,0.0033870458137243986
7,4.985332998330705e-05
7,2.4452991056023166e-05
7,0.00011335532326484099
7,5.3490715799853206e-05
7,0.0032814566511660814
7,0.0006009089411236346
7,0.0022233794443309307
7,0.00031876988941803575
7,0.0007064516539685428
7,0.0005392057937569916
7,0.016651928424835205
7,1.7973452486330643e-05
7,0.0003571093257050961
7,0.013266546651721
7,0.0010179543169215322
7,0.0005410143057815731
7,5.075103399576619e-05
7,0.004087974317371845
7,0.00020567157480400056
7,0.0012819722760468721
7,0.001940775429829955
7,0.0003844661987386644
7,0.0018736005295068026
7,0.0002008043957175687
7,9.35219504754059e-05
7,0.0005631863023154438
7,0.0006330550531856716
7,0.001558459596708417
7,0.00024313719768542796
7,1.8475371689419262e-05
7,5.7534605730324984e-05
7,0.0005455751670524478
7,8.055447688093409e-05
7,0.0001256715040653944
7,6.208105332916602e-05
7,0.00014882744289934635
7,0.0014592591905966401
7,0.0003626737743616104
7,0.0008076720987446606
7,0.0002826955169439316
7,4.9322814447805285e-05
7,9.51149922912009e-05
7,3.318297603982501e-05
7,0.006053574848920107
7,0.0008441164973191917
7,0.0001320403825957328
7,0.00046110019320622087
7,0.00024585594655945897
7,0.0020205427426844835
7,0.00017001942615024745
7,0.0004219379334244877
7,0.0002457915688864887
8,0.0009176548337563872
8,0.00037006536149419844
8,0.0029842217918485403
8,0.00035971327451989055
8,0.00020171524374745786
8,7.375783752650023e-05
8,0.0009340530377812684
8,0.0010482415091246367
8,0.0004713786765933037
8,0.0006612752331420779
8,0.001496467855758965
8,0.0011698313755914569
8,8.651893585920334e-05
8,0.00030364718986675143
8,0.0005699499743059278
8,0.0006361071718856692
8,0.00021173342247493565
8,0.00029201884171925485
8,0.0019636922515928745
8,0.0004729532520286739
8,0.0002646135108079761
8,0.006457245443016291
8,0.0009683139505796134
8,0.0018471752991899848
8,0.004889548756182194
8,0.005838783457875252
8,0.0002969606430269778
8,0.0010288823395967484
8,0.009931672364473343
8,0.00011059232929255813
8,0.0025365729816257954
8,0.004208662547171116
8,0.0016661457484588027
8,0.007967948913574219
8,0.0024453371297568083
8,0.0037417628336697817
8,0.000282478955341503
8,0.0014334493316709995
8,0.002448826562613249
8,0.004201630596071482
8,0.0014868791913613677
8,0.0001950412115547806
8,0.00037340723793022335
8,0.0008218988659791648
8,0.0017826954135671258
8,0.0017680113669484854
8,0.0005585303297266364
8,0.00030686394893564284
8,0.00021015053789597005
8,0.006612150464206934
8,0.003912970423698425
8,0.0003619392809923738
8,0.03722432255744934
8,0.0002536619722377509
8,0.002286155940964818
8,0.007365339435636997
8,0.008145444095134735
8,0.002228070981800556
8,0.0016716821119189262
8,0.0027547345962375402
8,0.00020106355077587068
8,0.00047475536121055484
8,0.0033043331932276487
8,0.0010019249748438597
8,0.00041131413308903575
8,0.00013182894326746464
8,5.230853639659472e-05
8,0.0039849309250712395
8,0.0006218821508809924
8,0.00040205512777902186
8,0.0005243146442808211
8,0.0006309934542514384
8,0.0014158578123897314
8,0.002305630361661315
8,0.0009128605015575886
8,0.0010688049951568246
8,0.006491613574326038
8,0.0007253107614815235
8,0.00018223453662358224
8,0.0009465436451137066
8,0.00022261077538132668
8,0.0001296739501412958
8,0.0008251832914538682
8,0.0004731595399789512
8,0.0018490154761821032
8,0.00039563473546877503
8,0.0008775836904533207
8,0.000819232314825058
8,0.0002849898883141577
8,0.0005523575819097459
8,0.000688259897287935
8,0.0005830527516081929
8,0.00016422334010712802
8,0.009153560735285282
8,0.00019133237947244197
8,0.00022481386258732527
8,0.00021187499805819243
8,0.0006985143991187215
8,0.00036725442623719573
8,0.005819006357342005
9,0.004977177828550339
9,0.001984425587579608
9,0.004186876118183136
9,0.0010092172306030989
9,0.0016533334273844957
9,0.001781128579750657
9,0.0018613205756992102
9,0.0009286110289394855
9,0.0013046114472672343
9,0.003239934565499425
9,0.004374201409518719
9,0.0009190323762595654
9,0.001114418962970376
9,0.0010247455211356282
9,0.0041686538606882095
9,0.001156412996351719
9,0.0006157901370897889
9,0.0009243511594831944
9,0.0012961865868419409
9,0.001209119101986289
9,0.0010984087130054832
9,0.0008165785111486912
9,0.0007723969756625593
9,0.0006097372970543802
9,0.00018225358508061618
9,0.000980967772193253
9,0.0009385693701915443
9,0.0012964543420821428
9,0.0018136249855160713
9,0.00535521749407053
9,0.0038354862481355667
9,0.0026684037875384092
9,0.004941289778798819
9,0.0008749781991355121
9,0.005229591391980648
9,0.0039748563431203365
9,0.0006818310357630253
9,0.0024024504236876965
9,0.00011429190635681152
9,0.004839880857616663
9,0.0008952775970101357
9,0.0009546008077450097
9,0.006924023386090994
9,0.0007662728894501925
9,5.15464816999156e-05
9,0.0034573401790112257
9,0.0005842366954311728
9,0.0004380056634545326
9,0.0009547394001856446
9,0.010073268786072731
9,0.0006342619308270514
9,0.0002784745302051306
9,0.008357295766472816
9,0.007373125292360783
9,0.0005208085640333593
9,0.0051875063218176365
9,0.004992085509002209
9,0.00046410635695792735
9,0.008458990603685379
9,0.007800433784723282
9,0.00018106447532773018
9,0.0005819230573251843
9,0.005806767847388983
9,0.0025551572907716036
9,0.0074613699689507484
9,0.002431961940601468
9,0.0013536136830225587
9,0.0004620009567588568
9,0.001118155661970377
9,0.0006975324940867722
9,0.0045628962107002735
9,0.021777991205453873
9,0.00013168172154109925
9,0.0016275711823254824
9,0.0033115155529230833
9,0.0018877830589190125
9,0.0009441834990866482
9,0.00024977631983347237
9,0.003452568780630827
9,0.006326067261397839
9,0.0045755901373922825
9,0.0009586492669768631
9,0.00236965948715806
9,0.010266562923789024
9,0.002649820176884532
9,0.001372671453282237
9,0.00052311469335109
9,0.00048427339061163366
9,0.001197634730488062
9,0.0007507140981033444
9,0.009397894144058228
9,0.0005445268470793962
9,0.006138714496046305
9,0.0010515546891838312
9,0.0007883728248998523
9,0.0018498951103538275
9,0.0005918479873798788
9,0.0028096195310354233
9,0.004317049402743578
9,0.005652458406984806
10,0.00039217466837726533
10,0.0009160107001662254
10,0.0017238156870007515
10,0.0012101845350116491
10,0.002305281115695834
10,0.0011891763424500823
10,0.0024047920014709234
10,0.015266656875610352
10,0.0041189733892679214
10,0.0006097924779169261
10,0.0009910367662087083
10,0.0015734594780951738
10,0.00051611487288028
10,0.0017547901952639222
10,0.02596622332930565
10,0.0003238459466956556
10,0.017011746764183044
10,0.0005561337457038462
10,0.0018409289186820388
10,0.004162059631198645
10,0.0005829766159877181
10,0.0006921978201717138
10,0.0011867793509736657
10,0.0005703360075131059
10,0.002301970263943076
10,0.002178098540753126
10,0.007621648255735636
10,0.0002326962276129052
10,0.0015508894575759768
10,0.0011255380231887102
10,0.0012391479685902596
10,0.0002458630478940904
10,0.0003573384019546211
10,0.0005596450064331293
10,0.0003313400666229427
10,0.00018667594122234732
10,0.00014128859038464725
10,9.339628013549373e-05
10,3.165756425005384e-05
10,0.00012079188309144229
10,0.0007682346040382981
10,0.00021180017211008817
10,0.00019022719061467797
10,0.0005280032637529075
10,0.0003896042180713266
10,0.00602800864726305
10,0.00028770550852641463
10,0.00020388230041135103
10,0.0006057872087694705
10,0.0014634255785495043
10,0.004287360236048698
10,0.0017457716166973114
10,0.00010905414819717407
10,0.0003094733110629022
10,0.0005032212357036769
