0,-0.13059166073799133
0,-0.42705702781677246
0,-0.7766665816307068
0,-1.1436257362365723
0,-2.0795557498931885
0,-3.137564182281494
0,-3.8421542644500732
0,-3.9055821895599365
0,-3.373333692550659
0,-2.858288526535034
0,-2.5821335315704346
0,-2.721451997756958
0,-2.7736682891845703
0,-3.875136613845825
0,-4.353574752807617
0,-5.009373664855957
0,-5.656951904296875
0,-6.525991439819336
0,-6.6934814453125
0,-6.724248886108398
0,-6.560851573944092
0,-6.59595251083374
0,-6.4024271965026855
0,-6.377260684967041
0,-6.1424880027771
0,-6.247505187988281
0,-7.029223918914795
0,-6.283568382263184
0,-6.768259525299072
0,-6.486887454986572
0,-6.120311260223389
0,-5.5060133934021
0,-5.411871910095215
0,-5.372490882873535
0,-6.754382133483887
0,-6.982946395874023
0,-5.582752227783203
0,-6.116968631744385
0,-6.215311050415039
0,-4.984710216522217
0,-4.917675018310547
0,-4.68323278427124
0,-6.371174335479736
0,-5.253025054931641
0,-6.192621231079102
0,-6.1235432624816895
0,-7.043348789215088
0,-4.661123752593994
0,-6.382650852203369
0,-4.905762672424316
0,-6.066222667694092
0,-5.618056774139404
0,-5.224197864532471
0,-5.382284641265869
0,-6.37656307220459
0,-5.701841831207275
0,-5.418013095855713
0,-5.121292591094971
0,-6.290349006652832
0,-4.565155029296875
0,-5.079634189605713
0,-4.957662105560303
0,-5.331435680389404
0,-5.7539825439453125
0,-6.632262706756592
0,-6.8010101318359375
0,-6.22890567779541
0,-6.074213981628418
0,-4.652895927429199
0,-6.706721305847168
0,-5.841328144073486
0,-5.520331382751465
0,-6.569216728210449
0,-6.331616401672363
0,-6.494076251983643
0,-6.553943634033203
0,-5.797333240509033
0,-5.687833309173584
0,-5.320735454559326
0,-6.3057661056518555
0,-5.786879062652588
0,-6.194741249084473
0,-5.498117446899414
0,-5.306544780731201
0,-5.6683549880981445
0,-6.202820301055908
0,-5.62044095993042
0,-5.682281970977783
0,-5.763584613800049
0,-6.480647087097168
0,-8.89310073852539
0,-5.83802604675293
0,-6.422573089599609
0,-5.53354549407959
0,-5.912277698516846
0,-5.609076499938965
0,-5.711779594421387
0,-5.987463474273682
0,-5.566455364227295
0,-5.4954915046691895
1,-5.39796257019043
1,-5.543577671051025
1,-6.091460704803467
1,-6.175273895263672
1,-5.990911483764648
1,-6.529905796051025
1,-6.97096061706543
1,-6.4935126304626465
1,-5.940834999084473
1,-5.3669891357421875
1,-5.128546237945557
1,-5.663346767425537
1,-5.637918472290039
1,-5.453535079956055
1,-5.070524215698242
1,-6.304993152618408
1,-6.4679131507873535
1,-5.570192337036133
1,-5.525876998901367
1,-5.342022895812988
1,-6.546529769897461
1,-5.371277332305908
1,-5.383017539978027
1,-6.219214916229248
1,-6.759460926055908
1,-6.035457611083984
1,-7.217654228210449
1,-5.3001813888549805
1,-6.1205010414123535
1,-5.953149318695068
1,-6.53418493270874
1,-5.856701850891113
1,-8.216015815734863
1,-7.408833026885986
1,-8.430949211120605
1,-5.096766471862793
1,-5.950610637664795
1,-4.852881908416748
1,-5.531564235687256
1,-5.958740711212158
1,-6.540571689605713
1,-6.3152923583984375
1,-7.585337162017822
1,-7.708423614501953
1,-5.456829071044922
1,-6.815574645996094
1,-5.731476783752441
1,-4.683046817779541
1,-6.344334125518799
1,-6.251560211181641
1,-6.189084529876709
1,-6.055221080780029
1,-6.09028959274292
1,-9.124369621276855
1,-6.348480224609375
1,-5.8798418045043945
1,-5.443811416625977
1,-5.572044372558594
1,-5.946847438812256
1,-7.08756685256958
1,-5.417166233062744
1,-7.046367168426514
1,-5.595552444458008
1,-6.347073554992676
1,-6.595654487609863
1,-5.931431293487549
1,-5.823510646820068
1,-6.02016544342041
1,-7.66850471496582
1,-5.22053861618042
1,-6.429206371307373
1,-6.171578884124756
1,-6.245146751403809
1,-5.846188068389893
1,-7.226876735687256
1,-6.293088436126709
1,-5.533535003662109
1,-5.826509475708008
1,-5.526060581207275
1,-7.1373677253723145
1,-7.059249401092529
1,-6.113607406616211
1,-5.400547981262207
1,-6.416752338409424
1,-5.61839485168457
1,-5.49680233001709
1,-7.135065078735352
1,-7.954183578491211
1,-5.8574042320251465
1,-5.224750995635986
1,-5.824202060699463
1,-6.776867389678955
1,-6.292638778686523
1,-5.731451988220215
1,-5.743797302246094
1,-5.342461585998535
1,-6.418579578399658
1,-5.746744632720947
1,-6.343009948730469
2,-7.135491371154785
2,-7.828903675079346
2,-6.314844131469727
2,-5.4469313621521
2,-6.418971538543701
2,-5.557192325592041
2,-5.186438083648682
2,-5.258656978607178
2,-6.782375812530518
2,-6.224721908569336
2,-6.836203575134277
2,-6.053625106811523
2,-5.37578010559082
2,-6.6609344482421875
2,-6.476859092712402
2,-7.210556983947754
2,-8.148907661437988
2,-5.560971260070801
2,-7.2743706703186035
2,-5.271187782287598
2,-5.12442684173584
2,-5.126983165740967
2,-6.945492744445801
2,-7.444177627563477
2,-8.748480796813965
2,-7.324794769287109
2,-7.777792453765869
2,-6.603155136108398
2,-5.366547584533691
2,-7.494937896728516
2,-6.9405059814453125
2,-4.952038288116455
2,-6.297689437866211
2,-6.052956581115723
2,-5.555140018463135
2,-6.842241287231445
2,-6.34598970413208
2,-6.421796798706055
2,-5.483114242553711
2,-5.038132190704346
2,-5.538878917694092
2,-6.7743401527404785
2,-5.647098064422607
2,-5.419203758239746
2,-6.7920241355896
2,-6.301393032073975
2,-5.901712894439697
2,-6.774889945983887
2,-7.155254364013672
2,-7.233431339263916
2,-7.220132350921631
2,-6.004890441894531
2,-5.5908522605896
2,-6.007051944732666
2,-5.939104080200195
2,-6.670806884765625
2,-5.077879428863525
2,-5.634099006652832
2,-6.010054111480713
2,-6.078179359436035
2,-5.959627151489258
2,-7.179764747619629
2,-5.925798416137695
2,-7.653654098510742
2,-6.483035564422607
2,-6.961409568786621
2,-6.691695213317871
2,-6.668643474578857
2,-6.755644798278809
2,-6.234226226806641
2,-5.499439716339111
2,-6.156857490539551
2,-7.999874114990234
2,-7.188909530639648
2,-7.084563255310059
2,-5.902185440063477
2,-7.230289936065674
2,-5.726304531097412
2,-6.5773091316223145
2,-6.0685882568359375
2,-7.600502014160156
2,-8.561240196228027
2,-5.964215278625488
2,-6.007780075073242
2,-5.991336822509766
2,-7.086111545562744
2,-6.435853958129883
2,-5.978021144866943
2,-4.913610458374023
2,-5.575403690338135
2,-6.659130096435547
2,-5.715143203735352
2,-6.735452175140381
2,-5.642822742462158
2,-8.31951904296875
2,-7.748185157775879
2,-5.68692684173584
2,-6.3558149337768555
2,-8.21942138671875
2,-5.111418724060059
3,-5.982141494750977
3,-5.180647850036621
3,-5.369539737701416
3,-6.008093357086182
3,-6.597400188446045
3,-8.186446189880371
3,-6.418292045593262
3,-7.188076972961426
3,-5.644654273986816
3,-5.158531188964844
3,-5.552583694458008
3,-5.726099967956543
3,-8.464970588684082
3,-5.7078142166137695
3,-6.509666442871094
3,-5.76554012298584
3,-7.590293884277344
3,-6.840122222900391
3,-6.08268928527832
3,-7.369912624359131
3,-6.655505657196045
3,-7.894789695739746
3,-7.308657169342041
3,-5.8480682373046875
3,-5.572760581970215
3,-6.915980339050293
3,-7.470799446105957
3,-6.923610210418701
3,-6.952923774719238
3,-7.5165605545043945
3,-8.041500091552734
3,-6.512986183166504
3,-7.552208423614502
3,-7.988473415374756
3,-7.189987659454346
3,-6.4210309982299805
3,-7.552465438842773
3,-6.094621658325195
3,-5.2544074058532715
3,-6.1927809715271
3,-6.631921291351318
3,-5.8790693283081055
3,-6.452106475830078
3,-8.025433540344238
3,-7.423420429229736
3,-6.425055503845215
3,-6.7350897789001465
3,-7.056618690490723
3,-6.167773723602295
3,-6.049776554107666
3,-5.998113632202148
3,-7.342469215393066
3,-6.656660079956055
3,-8.524203300476074
3,-6.246097564697266
3,-5.940602779388428
3,-6.650622844696045
3,-6.561550140380859
3,-5.90758752822876
3,-6.29191780090332
3,-4.892665863037109
3,-5.769550323486328
3,-5.463676452636719
3,-6.89505672454834
3,-6.911369323730469
3,-7.329482078552246
3,-7.285794734954834
3,-8.106901168823242
3,-8.013937950134277
3,-5.71901798248291
3,-4.61240291595459
3,-5.563282489776611
3,-6.032959461212158
3,-6.539381504058838
3,-6.303567886352539
3,-6.133129119873047
3,-7.518899917602539
3,-6.715756893157959
3,-5.879508972167969
3,-5.673199653625488
3,-5.433733940124512
3,-6.743653297424316
3,-6.475988388061523
3,-5.30210018157959
3,-5.9481096267700195
3,-7.427114009857178
3,-6.900201797485352
3,-7.166833400726318
3,-7.101071834564209
3,-6.588709831237793
3,-6.636844635009766
3,-5.186058044433594
3,-7.3389387130737305
3,-7.644477367401123
3,-6.0705885887146
3,-5.7386064529418945
3,-5.5167999267578125
3,-6.755298137664795
3,-6.032314300537109
3,-7.518434524536133
4,-7.156279563903809
4,-7.548727512359619
4,-8.158393859863281
4,-9.271768569946289
4,-7.375316619873047
4,-7.314387321472168
4,-5.152338027954102
4,-4.887744903564453
4,-5.801695346832275
4,-6.230776786804199
4,-6.455544948577881
4,-6.025323867797852
4,-7.099771976470947
4,-9.531003952026367
4,-8.268644332885742
4,-8.318819046020508
4,-7.798717498779297
4,-7.366257667541504
4,-7.747009754180908
4,-7.2367143630981445
4,-6.290493011474609
4,-5.037352085113525
4,-8.263998031616211
4,-5.507742881774902
4,-6.811155319213867
4,-6.026309967041016
4,-5.507266044616699
4,-6.806352615356445
0,-0.10199574381113052
0,-0.5741617679595947
0,-1.253559947013855
0,-2.2069830894470215
0,-3.038043975830078
0,-3.4027066230773926
0,-3.467777967453003
0,-2.824517250061035
0,-2.434014320373535
0,-2.2686171531677246
0,-2.055389404296875
0,-2.033998727798462
0,-2.1023881435394287
0,-2.4096438884735107
0,-2.7672061920166016
0,-3.333106756210327
0,-3.8472094535827637
0,-4.440208435058594
0,-4.824910640716553
0,-4.960379600524902
0,-4.662062644958496
0,-4.611776828765869
0,-4.2147698402404785
0,-3.9917283058166504
0,-4.9317827224731445
0,-4.841129779815674
0,-4.6143693923950195
0,-4.6107659339904785
0,-3.9022910594940186
0,-3.9034154415130615
0,-3.892770290374756
0,-4.223319053649902
0,-5.512834548950195
0,-4.743821620941162
0,-4.854482173919678
0,-4.291780948638916
0,-4.113363265991211
0,-5.360053062438965
0,-5.556429386138916
0,-5.550898551940918
0,-5.099373817443848
0,-4.426474571228027
0,-4.0875244140625
0,-4.432857990264893
0,-4.676321029663086
0,-4.160128593444824
0,-4.413656234741211
0,-5.136893272399902
0,-5.0203776359558105
0,-5.389567852020264
0,-5.743654727935791
0,-5.8241682052612305
0,-6.317520618438721
0,-5.171789646148682
0,-4.978787422180176
0,-5.788843154907227
0,-4.166963577270508
0,-5.7979655265808105
0,-3.90313720703125
0,-4.321072101593018
0,-4.705821990966797
0,-5.814122200012207
0,-6.2914838790893555
0,-7.722301959991455
0,-5.996464252471924
0,-7.660516738891602
0,-6.986900329589844
0,-5.4569091796875
0,-4.987947463989258
0,-7.1069536209106445
0,-5.976942539215088
0,-6.130701065063477
0,-3.921015739440918
0,-4.179305553436279
0,-5.075374603271484
0,-4.853561878204346
0,-6.515172004699707
0,-5.318473815917969
0,-6.81309700012207
0,-6.852572917938232
0,-6.284852504730225
0,-5.760993480682373
0,-5.76704740524292
0,-6.119494438171387
0,-5.197966575622559
0,-6.606234550476074
0,-5.88350772857666
0,-5.127047538757324
0,-5.035889625549316
0,-5.449193000793457
0,-4.3831706047058105
0,-6.15413761138916
0,-5.2998948097229
0,-7.205348968505859
0,-7.118341445922852
0,-5.388546466827393
0,-4.779228210449219
0,-5.586713790893555
0,-5.638227462768555
0,-4.859671592712402
1,-4.658550262451172
1,-6.839141845703125
1,-4.378844738006592
1,-5.7371063232421875
1,-6.4444451332092285
1,-7.3576765060424805
1,-6.06497859954834
1,-7.3691582679748535
1,-6.961897850036621
1,-6.120133399963379
1,-5.512986183166504
1,-6.8037428855896
1,-5.450268745422363
1,-4.758971691131592
1,-5.272495746612549
1,-4.29052209854126
1,-4.729061126708984
1,-4.620648384094238
1,-7.320691108703613
1,-6.91778039932251
1,-6.366526126861572
1,-5.721747398376465
1,-7.4262285232543945
1,-4.968072891235352
1,-5.355925559997559
1,-6.363256931304932
1,-4.47592830657959
1,-4.770631313323975
1,-5.430920600891113
1,-6.018442153930664
1,-5.2595930099487305
1,-4.375938415527344
1,-4.71552038192749
1,-5.245273590087891
1,-6.487880706787109
1,-6.799473762512207
1,-5.238251209259033
1,-6.802045822143555
1,-4.697785377502441
1,-6.643718719482422
1,-6.437676906585693
1,-6.066720008850098
1,-5.154088973999023
1,-5.281936168670654
1,-5.9742631912231445
1,-5.676544189453125
1,-6.513740539550781
1,-5.125686168670654
1,-5.343714237213135
1,-5.79240608215332
1,-5.239558696746826
1,-7.028410911560059
1,-7.7668609619140625
1,-5.642115116119385
1,-6.527784824371338
1,-5.802789688110352
1,-4.539420127868652
1,-6.136441707611084
1,-6.589763641357422
1,-6.103865623474121
1,-6.501029014587402
1,-6.6988091468811035
1,-5.0991902351379395
1,-5.85207986831665
1,-6.805893898010254
1,-5.677392959594727
1,-9.155696868896484
1,-6.05267333984375
1,-6.773378372192383
1,-4.962675094604492
1,-5.685802459716797
1,-4.5954084396362305
1,-5.122872352600098
1,-5.120911598205566
1,-6.619669437408447
1,-5.371662616729736
1,-5.951020240783691
1,-5.793442726135254
1,-5.690282344818115
1,-5.42317533493042
1,-6.844431400299072
1,-4.703828811645508
1,-7.535203456878662
1,-8.43606948852539
1,-5.159092903137207
1,-6.3041090965271
1,-5.833706378936768
1,-6.679941654205322
1,-5.273550033569336
1,-5.637319564819336
1,-5.415930271148682
1,-6.442903518676758
1,-6.194378852844238
1,-5.9825639724731445
1,-6.024849891662598
1,-6.1044487953186035
1,-6.769295692443848
1,-7.058468818664551
1,-5.874802589416504
1,-6.037521839141846
2,-5.83725643157959
2,-5.893229007720947
2,-5.223882675170898
2,-5.769171237945557
2,-5.9965500831604
2,-6.571152210235596
2,-5.219171524047852
2,-6.157128810882568
2,-5.387879371643066
2,-6.027365684509277
2,-6.660937786102295
2,-6.768530368804932
2,-6.077029705047607
2,-7.1525678634643555
2,-5.951284408569336
2,-5.410929203033447
2,-7.070775985717773
2,-5.394159317016602
2,-6.722837924957275
2,-4.998710632324219
2,-5.970208644866943
2,-5.624773025512695
2,-7.8135271072387695
2,-5.516547203063965
2,-9.412660598754883
2,-6.116662979125977
2,-7.748282432556152
2,-6.470263957977295
2,-4.169753551483154
2,-3.817722797393799
2,-4.974079132080078
2,-5.8482513427734375
2,-4.927682876586914
2,-5.456662654876709
2,-7.4260149002075195
2,-7.516054153442383
2,-6.7251296043396
2,-6.053473472595215
2,-7.534440517425537
2,-7.544935703277588
2,-5.427149772644043
2,-7.39959192276001
2,-5.309900760650635
2,-6.126800537109375
2,-6.066483020782471
2,-6.082120895385742
2,-5.568231582641602
2,-6.896801948547363
2,-7.332969665527344
2,-7.846035003662109
2,-6.223547458648682
2,-8.509258270263672
2,-7.017055988311768
2,-9.454307556152344
2,-9.906476974487305
2,-5.966019153594971
2,-5.6133036613464355
2,-5.4330735206604
2,-4.713244438171387
2,-7.275570392608643
2,-5.207237720489502
2,-7.43465518951416
2,-5.265530586242676
2,-5.127817630767822
2,-5.9490861892700195
2,-7.362198829650879
2,-8.079808235168457
2,-7.116570472717285
2,-6.1511616706848145
2,-7.090522289276123
2,-6.54377555847168
2,-7.077588081359863
2,-6.916210174560547
2,-5.286323070526123
2,-5.15433406829834
2,-4.538463115692139
2,-6.714118003845215
2,-6.339612007141113
2,-5.733705520629883
2,-7.219030857086182
2,-6.033035755157471
2,-6.8187384605407715
2,-7.581911087036133
2,-7.487549304962158
2,-8.235086441040039
2,-4.7139387130737305
2,-6.862102508544922
2,-7.035358428955078
2,-7.608799457550049
2,-6.111772537231445
2,-4.428900718688965
2,-6.172049045562744
2,-5.151828289031982
2,-5.498227596282959
2,-5.658894062042236
2,-6.054010391235352
2,-5.813960552215576
2,-7.428752899169922
2,-7.492832183837891
3,-6.906634330749512
3,-7.540125846862793
3,-6.562499046325684
3,-3.29299259185791
3,-6.826827049255371
3,-4.0147905349731445
3,-7.655153274536133
3,-4.464734077453613
3,-4.348721981048584
3,-5.243950366973877
3,-6.204139709472656
3,-5.005500316619873
3,-6.912458896636963
3,-6.472390651702881
3,-7.0580549240112305
3,-6.44140100479126
3,-8.671783447265625
3,-8.016414642333984
3,-5.89235258102417
3,-6.966733932495117
3,-5.284010887145996
3,-6.581334590911865
3,-8.000572204589844
3,-4.2401556968688965
3,-5.900285243988037
3,-5.032315254211426
3,-6.501710891723633
3,-6.201510906219482
3,-6.011970520019531
3,-7.325309753417969
3,-5.227181911468506
3,-4.841802597045898
3,-6.165236949920654
3,-5.972231864929199
3,-6.011118412017822
3,-6.89303731918335
3,-7.679587364196777
3,-5.689057350158691
3,-5.529928207397461
3,-7.467215538024902
3,-5.380863666534424
3,-6.661748886108398
3,-4.866471767425537
3,-7.753368377685547
3,-6.615734100341797
3,-7.837707996368408
3,-7.866600036621094
3,-5.103034973144531
3,-7.041358947753906
3,-7.033263206481934
3,-5.014710426330566
3,-6.3933892250061035
3,-5.475969314575195
3,-6.133357524871826
3,-7.025115489959717
3,-8.02254867553711
3,-5.847888469696045
3,-8.062841415405273
3,-5.620451927185059
3,-6.5834879875183105
3,-7.500537872314453
3,-7.6538190841674805
3,-5.318170547485352
3,-7.228237152099609
3,-9.186969757080078
3,-6.215577602386475
3,-7.631536483764648
3,-5.701074600219727
3,-5.236832618713379
3,-6.826557159423828
3,-7.019654273986816
3,-5.389144420623779
3,-6.031562805175781
3,-7.399306774139404
3,-7.156074047088623
3,-5.337004661560059
3,-7.417524337768555
3,-8.67706298828125
3,-6.030057430267334
3,-6.82492208480835
3,-6.126297950744629
3,-6.396236896514893
3,-8.190314292907715
3,-8.003878593444824
3,-7.165040016174316
3,-6.211237907409668
3,-5.799154281616211
3,-8.037208557128906
3,-6.515007019042969
3,-5.550538539886475
3,-5.070377349853516
3,-5.597897052764893
3,-4.8620219230651855
3,-5.971498966217041
3,-6.748929500579834
3,-7.2424468994140625
3,-6.626073837280273
3,-7.978478908538818
3,-9.32027530670166
3,-7.84330940246582
4,-5.12602424621582
4,-5.273068428039551
4,-6.925529479980469
4,-4.656549453735352
4,-5.696657180786133
4,-5.939091682434082
4,-6.633938312530518
4,-7.174617767333984
4,-5.7268829345703125
4,-5.905350685119629
4,-6.168701648712158
4,-8.982237815856934
4,-6.600221633911133
4,-7.394211769104004
4,-5.901787757873535
4,-7.120693206787109
4,-8.74472713470459
4,-4.88247537612915
4,-4.230291843414307
4,-4.222802639007568
4,-5.5028157234191895
4,-5.1884965896606445
4,-8.378839492797852
4,-6.602450847625732
4,-6.3647541999816895
4,-7.276870250701904
4,-4.992532253265381
4,-7.443612098693848
4,-9.11955738067627
4,-5.946481227874756
4,-5.884952545166016
4,-5.898993015289307
4,-11.04165267944336
4,-7.667747497558594
4,-6.8988423347473145
4,-7.301629066467285
4,-7.644495964050293
4,-5.698713302612305
4,-5.953070640563965
4,-5.945086479187012
4,-6.80194091796875
4,-6.451865196228027
4,-6.746553897857666
4,-7.249232292175293
4,-7.379457950592041
4,-6.107904434204102
4,-6.086507320404053
4,-5.672192573547363
4,-8.532649993896484
4,-7.018341541290283
4,-8.219600677490234
4,-7.37568998336792
4,-7.625748634338379
4,-5.920296669006348
4,-7.223965644836426
4,-5.811568260192871
4,-7.192080974578857
4,-5.856377601623535
4,-8.059803009033203
4,-6.425938606262207
4,-7.561331748962402
4,-7.467775344848633
4,-7.015294075012207
4,-7.534741401672363
4,-8.224414825439453
4,-9.266448020935059
4,-6.669695854187012
4,-6.370767116546631
4,-7.349648475646973
4,-8.3672456741333
4,-8.515167236328125
4,-7.073652267456055
4,-5.815949440002441
4,-7.842495441436768
4,-6.3005475997924805
4,-8.224477767944336
4,-5.945274353027344
4,-7.375819683074951
4,-8.73816204071045
4,-6.4959821701049805
4,-6.158322334289551
4,-5.910496234893799
4,-5.93644380569458
4,-8.970328330993652
4,-9.936437606811523
4,-8.727958679199219
4,-6.485659599304199
4,-7.144211292266846
4,-5.855545997619629
4,-7.07594108581543
4,-7.639469146728516
4,-7.2248687744140625
4,-8.946742057800293
4,-6.751772403717041
4,-5.271148681640625
4,-7.09259557723999
4,-5.668323993682861
4,-7.205488204956055
4,-7.068883895874023
4,-8.011198997497559
5,-5.131640434265137
5,-5.096251964569092
5,-7.205214500427246
5,-5.727107048034668
5,-8.390645980834961
5,-7.4743194580078125
5,-5.66787052154541
5,-6.233157634735107
5,-10.704486846923828
5,-8.449460983276367
5,-7.844871997833252
5,-6.267952919006348
5,-6.579778671264648
5,-5.772815704345703
5,-6.024956703186035
5,-6.925955295562744
5,-9.205211639404297
5,-9.024703025817871
5,-7.849740505218506
5,-6.92917537689209
5,-6.782724857330322
5,-6.298216819763184
5,-6.330879211425781
5,-7.3506364822387695
5,-4.175957202911377
5,-6.464552879333496
5,-7.256834983825684
5,-9.34516429901123
5,-8.909521102905273
5,-7.489371299743652
5,-7.376776695251465
5,-8.327926635742188
5,-5.585607051849365
5,-8.527533531188965
5,-7.315597057342529
5,-5.896368026733398
5,-5.734181880950928
5,-6.258579730987549
5,-9.592035293579102
5,-7.52987003326416
5,-8.488456726074219
5,-6.841092586517334
5,-9.543280601501465
5,-8.306358337402344
5,-7.246099472045898
5,-5.413418292999268
5,-7.928230285644531
5,-7.946193218231201
5,-5.698493957519531
5,-5.665770053863525
5,-5.938357830047607
5,-6.203436851501465
5,-5.241658687591553
5,-6.801847457885742
5,-6.218223571777344
5,-11.910840034484863
5,-7.695975303649902
5,-8.086689949035645
5,-6.55967903137207
5,-6.694459915161133
5,-6.583536148071289
5,-7.286862850189209
5,-6.199384689331055
5,-6.410131454467773
5,-8.398214340209961
5,-6.301008224487305
5,-6.047098159790039
5,-5.915622711181641
5,-9.070865631103516
5,-7.700111389160156
5,-6.180109024047852
5,-6.780603885650635
5,-5.949272155761719
5,-5.8394317626953125
5,-6.584007740020752
5,-7.495954513549805
5,-6.805273056030273
5,-6.862504482269287
5,-6.8175859451293945
5,-8.12399959564209
5,-6.5364813804626465
5,-7.073552131652832
5,-7.949466705322266
5,-6.346628665924072
5,-7.773561477661133
5,-6.404460906982422
5,-6.793689727783203
5,-6.560733318328857
5,-8.750321388244629
5,-6.647618293762207
5,-8.236862182617188
5,-7.9752020835876465
5,-6.130603790283203
5,-10.865565299987793
5,-7.637768745422363
5,-6.4376912117004395
5,-6.817930221557617
5,-8.878634452819824
5,-8.260892868041992
5,-5.452490329742432
6,-6.2790303230285645
6,-7.703624725341797
6,-6.018453598022461
6,-8.206794738769531
6,-7.431741714477539
6,-6.43982458114624
6,-6.55919885635376
6,-8.270807266235352
6,-5.840982437133789
6,-6.543443202972412
6,-8.920037269592285
6,-8.788448333740234
6,-6.676856517791748
6,-6.34708309173584
6,-6.334232807159424
6,-9.274348258972168
6,-5.053333759307861
6,-6.754329204559326
6,-6.124087810516357
6,-6.691827297210693
6,-5.882043838500977
6,-7.71616268157959
6,-7.417657375335693
6,-8.194938659667969
6,-9.437929153442383
6,-6.3784685134887695
6,-8.657607078552246
6,-6.4395527839660645
6,-6.554628372192383
6,-5.888677597045898
6,-6.4402947425842285
6,-6.0169572830200195
6,-8.212868690490723
6,-6.516190052032471
6,-8.556838989257812
6,-8.161429405212402
6,-8.773808479309082
6,-9.304150581359863
6,-8.887691497802734
6,-7.759891033172607
6,-8.329095840454102
6,-5.818213939666748
6,-6.060163974761963
6,-7.951683044433594
6,-4.896038055419922
6,-9.150775909423828
6,-6.247750759124756
6,-7.589437007904053
6,-8.552644729614258
6,-7.580061912536621
6,-5.4154157638549805
6,-7.928211688995361
6,-7.615514755249023
6,-6.915468215942383
6,-6.152767181396484
6,-8.25239086151123
6,-5.36073637008667
6,-8.477493286132812
6,-7.177974224090576
6,-5.169782638549805
6,-5.968767166137695
6,-9.520827293395996
6,-6.656607627868652
6,-8.370316505432129
6,-7.781270503997803
6,-7.849167823791504
6,-6.172786712646484
6,-8.755056381225586
6,-8.832893371582031
6,-5.9725494384765625
6,-10.380666732788086
6,-6.010538101196289
6,-5.49907112121582
6,-5.187298774719238
6,-5.690608501434326
6,-5.6261115074157715
6,-6.249161243438721
6,-8.288351058959961
6,-6.385598182678223
6,-8.772490501403809
6,-7.073444366455078
6,-9.277270317077637
6,-7.245660305023193
6,-5.92292594909668
6,-6.68124532699585
6,-5.0820488929748535
6,-6.785216808319092
6,-6.450643062591553
6,-4.922746181488037
6,-5.734499931335449
6,-7.0829176902771
6,-6.010631084442139
6,-9.038105964660645
6,-6.992424488067627
6,-6.389731407165527
6,-5.928436279296875
6,-7.1581878662109375
6,-6.623373031616211
6,-7.6808600425720215
6,-5.509591102600098
7,-6.3625359535217285
7,-7.794071197509766
7,-8.225494384765625
7,-5.757208347320557
7,-6.647546768188477
7,-8.19204044342041
7,-5.9449462890625
7,-7.294743537902832
7,-5.535487174987793
7,-5.870898723602295
7,-8.947891235351562
7,-9.785165786743164
7,-9.013115882873535
7,-6.137369632720947
7,-8.116381645202637
7,-8.67535400390625
7,-8.830733299255371
7,-5.719766139984131
7,-6.220765590667725
7,-8.065567970275879
7,-5.008852005004883
7,-7.0067620277404785
7,-5.889015197753906
7,-8.326934814453125
7,-6.493088245391846
7,-8.608199119567871
7,-7.092202186584473
7,-6.1267595291137695
7,-5.410782337188721
7,-7.193618297576904
7,-8.232003211975098
7,-8.167926788330078
7,-7.522394180297852
7,-7.0457329750061035
7,-7.498160362243652
7,-7.27723503112793
7,-8.591814994812012
7,-5.953345775604248
7,-6.294793128967285
7,-6.258068084716797
7,-6.904953956604004
7,-8.353137969970703
7,-6.245466709136963
7,-7.42767333984375
7,-10.092499732971191
7,-8.33433723449707
7,-7.3210530281066895
7,-10.813790321350098
7,-5.566400051116943
7,-7.188316822052002
7,-5.594141006469727
7,-5.8792948722839355
7,-8.531128883361816
7,-7.074077129364014
7,-8.439691543579102
7,-6.009380340576172
7,-6.1571431159973145
7,-6.4237494468688965
7,-10.924510955810547
7,-6.420106887817383
7,-8.074539184570312
7,-8.099468231201172
7,-7.805261611938477
7,-7.723887920379639
7,-4.991039752960205
7,-7.714298725128174
7,-8.450432777404785
7,-8.87826919555664
7,-7.422663688659668
7,-6.756190776824951
7,-8.097024917602539
7,-6.544971942901611
7,-5.758474826812744
7,-11.420361518859863
7,-8.463351249694824
7,-9.97270679473877
7,-9.083422660827637
7,-5.436730861663818
7,-6.040407180786133
7,-11.151759147644043
7,-6.410469055175781
7,-5.857380390167236
7,-6.78766393661499
7,-8.463237762451172
7,-9.803511619567871
7,-10.981101989746094
7,-10.846597671508789
7,-6.914698123931885
7,-5.455153465270996
7,-5.601640224456787
7,-5.66896390914917
7,-10.124709129333496
7,-8.39680004119873
7,-7.151376247406006
7,-7.73118257522583
7,-6.812903881072998
7,-8.939550399780273
7,-6.26953649520874
7,-7.27043342590332
7,-5.931968688964844
8,-7.716306686401367
8,-6.56005334854126
8,-8.12523078918457
8,-7.001789093017578
8,-6.911027908325195
8,-6.422328948974609
8,-8.906099319458008
8,-9.87631893157959
8,-8.815600395202637
8,-9.437427520751953
8,-8.588130950927734
8,-7.4073286056518555
8,-6.576967239379883
8,-8.378451347351074
8,-6.46181058883667
8,-6.5704498291015625
8,-5.686966419219971
8,-7.742321491241455
8,-7.948968887329102
8,-9.425634384155273
8,-6.867700576782227
8,-11.709731101989746
8,-8.960453987121582
8,-8.95749282836914
8,-10.25595760345459
8,-13.518500328063965
8,-7.398777008056641
8,-7.120720386505127
8,-10.865316390991211
8,-5.436122894287109
8,-6.528433799743652
8,-10.075532913208008
8,-6.845419883728027
8,-8.902158737182617
8,-7.639469146728516
8,-11.216896057128906
8,-8.50112533569336
8,-8.649256706237793
8,-9.196555137634277
8,-10.478221893310547
8,-7.541632175445557
8,-6.111608505249023
8,-7.242079257965088
8,-6.4972710609436035
8,-6.587071418762207
8,-8.666868209838867
8,-7.3939385414123535
8,-9.020142555236816
8,-5.899473190307617
8,-10.068678855895996
8,-12.991203308105469
8,-7.173482418060303
8,-11.145630836486816
8,-6.2340192794799805
8,-8.49747085571289
8,-8.942083358764648
8,-7.9325690269470215
8,-7.080703258514404
8,-7.492432594299316
8,-9.081320762634277
8,-6.562845230102539
8,-8.1395263671875
8,-9.44111156463623
8,-7.346014976501465
8,-7.467629432678223
8,-7.13120174407959
8,-6.019456386566162
8,-7.811067581176758
8,-7.867831230163574
8,-5.372313022613525
8,-6.9110870361328125
8,-8.311678886413574
8,-6.67308235168457
8,-10.310508728027344
8,-7.59495735168457
8,-9.854894638061523
8,-10.109302520751953
8,-8.85172176361084
8,-8.615375518798828
8,-9.2799711227417
8,-7.4131269454956055
8,-5.5969438552856445
8,-7.875114917755127
8,-5.90767765045166
8,-8.346435546875
8,-6.832067966461182
8,-8.722227096557617
8,-9.567276000976562
8,-7.588739395141602
8,-8.390875816345215
8,-6.526178359985352
8,-9.42415714263916
8,-6.918386459350586
8,-9.306159019470215
8,-6.886294364929199
8,-6.794795989990234
8,-6.199782848358154
8,-10.422958374023438
8,-7.199265480041504
8,-7.392894268035889
9,-10.730955123901367
9,-6.516536235809326
9,-11.156553268432617
9,-6.149471759796143
9,-7.6826252937316895
9,-7.760037422180176
9,-9.131040573120117
9,-7.608101844787598
9,-7.926381587982178
9,-9.655282974243164
9,-12.453750610351562
9,-8.293807029724121
9,-6.9074625968933105
9,-7.289374351501465
9,-11.186314582824707
9,-7.115227699279785
9,-6.525054931640625
9,-7.727224349975586
9,-7.186933994293213
9,-7.090399265289307
9,-7.264565467834473
9,-6.503848075866699
9,-9.3341646194458
9,-8.928366661071777
9,-7.581605434417725
9,-13.93287467956543
9,-8.276371002197266
9,-8.765353202819824
9,-9.230116844177246
9,-9.051107406616211
9,-9.525519371032715
9,-7.273581027984619
9,-7.453398704528809
9,-6.350930213928223
9,-7.6785430908203125
9,-8.725916862487793
9,-7.51218843460083
9,-9.035261154174805
9,-6.3106842041015625
9,-8.324862480163574
9,-7.925245761871338
9,-7.942750930786133
9,-8.349740028381348
9,-8.673222541809082
9,-5.953655242919922
9,-7.739517688751221
9,-6.906669616699219
9,-6.306535720825195
9,-6.582155704498291
9,-12.059114456176758
9,-13.340365409851074
9,-8.322065353393555
9,-12.857181549072266
9,-10.864133834838867
9,-9.686737060546875
9,-8.443805694580078
9,-11.107890129089355
9,-6.293622016906738
9,-9.46506404876709
9,-12.446089744567871
9,-7.716553211212158
9,-7.418988227844238
9,-9.14984130859375
9,-9.026700019836426
9,-7.466721057891846
9,-9.69300365447998
9,-8.673810005187988
9,-6.355852127075195
9,-7.525002956390381
9,-6.992208957672119
9,-7.089113712310791
9,-9.960492134094238
9,-7.0888895988464355
9,-10.48173999786377
9,-13.756294250488281
9,-9.462543487548828
9,-7.3337602615356445
9,-9.028031349182129
9,-9.705803871154785
9,-9.0975923538208
9,-8.22412109375
9,-7.035223960876465
9,-8.003856658935547
9,-8.716180801391602
9,-6.925339221954346
9,-8.790777206420898
9,-9.421542167663574
9,-6.815977573394775
9,-9.152640342712402
9,-9.98806381225586
9,-13.132922172546387
9,-6.046950817108154
9,-10.634833335876465
9,-10.056675910949707
9,-7.207871437072754
9,-6.68593168258667
9,-6.119966506958008
9,-7.547797203063965
9,-9.526907920837402
9,-8.206999778747559
10,-7.836615085601807
10,-6.983708381652832
10,-9.52119255065918
10,-8.155756950378418
10,-7.993259429931641
10,-8.042856216430664
10,-7.503961563110352
10,-9.303635597229004
10,-9.470630645751953
10,-6.468681812286377
10,-6.471374988555908
10,-6.742044448852539
10,-5.167666912078857
10,-6.847047805786133
10,-13.431687355041504
10,-7.165247440338135
10,-11.866437911987305
10,-8.800326347351074
10,-9.55850601196289
10,-8.592280387878418
10,-8.39668083190918
10,-7.794243335723877
10,-7.826935291290283
10,-7.710885524749756
10,-10.610251426696777
10,-14.199450492858887
10,-9.597029685974121
10,-6.749879837036133
10,-8.579394340515137
10,-9.235652923583984
10,-9.782464027404785
10,-5.842766284942627
10,-8.414405822753906
10,-10.964414596557617
10,-9.986865997314453
10,-6.875734806060791
10,-7.324254989624023
10,-7.067631244659424
10,-7.860034942626953
10,-8.545815467834473
10,-12.608779907226562
10,-8.298787117004395
10,-8.080928802490234
10,-9.508197784423828
10,-9.698863983154297
10,-7.600324630737305
10,-9.737381935119629
10,-5.81829309463501
10,-6.891942024230957
10,-9.207871437072754
10,-9.626602172851562
10,-7.815420150756836
10,-9.463900566101074
10,-8.233607292175293
10,-8.328757286071777
